spawns:
  default:
    world: 4d41938e-5efb-4d7f-8e97-945c55eee941
    world-name: world
    x: -13.730415922663154
    y: 127.0
    z: -2.93859903902651
    yaw: 22.19976234436035
    pitch: 65.69990539550781
